starting

ACDGILMNPSTV
[[ 316    2]
 [  13 8271]]
0.0
154 197
[[ 293 2660]
 [  45 5864]]
1.64547766226e-95
64 107
[[  52   92]
 [7559  286]]
3.3138226964e-88
6 8
[[ 884 3608]
 [ 277 3829]]
6.21063905154e-72
96 97
[[  72   72]
 [7662  182]]
2.93972764633e-71
6 60

DEFHIKLMNPQRTVWY
[[  57  306]
 [5833 2486]]
8.79912993199e-98
159 167
[[5710 2660]
 [  99  383]]
1.29792144723e-96
142 143
[[7373  496]
 [ 701  296]]
1.98545566658e-93
137 141
[[2448 2416]
 [1221 2801]]
1.36198771802e-81
66 75
[[3215  461]
 [5093  131]]
2.86692282507e-78
75 77

CDEHKNQRST
[[ 892  413]
 [1692 5601]]
3.81312857248e-215
96 97
[[ 309   27]
 [1377 7216]]
3.95757224322e-197
89 112
[[6783  313]
 [1050  394]]
4.82101900679e-136
173 214
[[1291  543]
 [6462  570]]
1.69973682732e-113
137 141
[[ 580 1129]
 [ 867 5992]]
1.07333494843e-85
203 206

AFILMPVW
[[ 314    4]
 [ 686 7317]]
3.43417415143e-302
221 224
[[2946  827]
 [2207 2618]]
1.58110628485e-209
96 97
[[5577  610]
 [1526  855]]
8.73077493206e-164
203 206
[[1231  150]
 [7112   42]]
2.65040811852e-82
173 215
[[ 807  329]
 [6191  620]]
2.76655185588e-65
4 86

EFHKQRWY
[[8271   13]
 [   2  316]]
0.0
154 197
[[5863   45]
 [2660  294]]
6.52256679947e-96
64 107
[[ 285 7560]
 [  92   52]]
2.52632557299e-88
6 8
[[3828  278]
 [3608  884]]
1.33888795615e-71
96 97
[[ 182 7662]
 [  72   72]]
2.93972764633e-71
6 60

DILMNPTV
[[1229  247]
 [6995   64]]
1.44053375838e-133
173 215
[[1176  251]
 [3592 3534]]
1.06735714421e-118
172 210
[[  38  287]
 [5953 2651]]
1.6711033584e-99
89 112
[[  42  317]
 [5503 2820]]
1.25829056203e-97
159 167
[[  64  253]
 [   6 8279]]
1.05171438821e-86
154 197

DE
[[ 309  148]
 [1923 6482]]
1.1492140236e-85
62 76
[[ 293 2078]
 [1798 3843]]
6.64909740487e-81
17 21
[[ 614  641]
 [5500 1788]]
1.16576616318e-75
213 214
[[  89  222]
 [6392 1888]]
4.62484316336e-70
125 130
[[4414 1293]
 [1696 1137]]
7.70007924759e-62
173 214

KRH
[[  83  253]
 [ 126 8187]]
7.64326031989e-64
168 170
[[ 659 1221]
 [3149 2410]]
2.26429275266e-59
10 226
[[  61  734]
 [2007 6121]]
3.62065559345e-33
80 117
[[2299   27]
 [6118  418]]
2.70142380618e-29
64 107
[[ 437 2084]
 [1522 4323]]
1.68291180461e-18
51 53

ANQEKFPTYV
[[ 222  304]
 [ 240 7223]]
7.54938570487e-152
6 8
[[ 213  107]
 [ 684 7317]]
5.97901993095e-134
221 224
[[8313  148]
 [  50   91]]
7.37051690177e-112
154 197
[[2386 1923]
 [3454 1109]]
4.8014270524e-91
56 85
[[6568  523]
 [1163  393]]
3.18764477396e-78
168 171

ARNDELKPV
[[ 208  112]
 [ 678 7323]]
1.35836358628e-128
221 224
[[4667 2180]
 [ 828  904]]
3.87241943341e-54
203 204
[[ 195  144]
 [1749 6845]]
5.78697209629e-48
89 119
[[3221  290]
 [4864   88]]
8.2787148015e-46
172 216
[[6684  794]
 [ 775  287]]
3.48554793538e-42
173 214

ACEGHIMSTW
[[ 126   10]
 [ 179 8287]]
4.12253832409e-181
154 197
[[6785  591]
 [ 327  286]]
1.99041377097e-124
6 8
[[ 336 7039]
 [ 226  387]]
3.11094937297e-116
6 60
[[ 335 2142]
 [ 162 5824]]
2.22271667111e-73
172 216
[[1717 6050]
 [ 150   30]]
6.77482820624e-66
4 86

RDCLKMSWY
[[ 607 6484]
 [ 501 1336]]
1.77543606113e-88
101 104
[[8264   24]
 [ 240   74]]
4.28061744837e-88
154 197
[[2834 4673]
 [   5  476]]
1.20511645168e-85
6 60
[[1632 2267]
 [ 929 3217]]
1.28492731554e-78
12 14
[[  64   49]
 [ 122 7487]]
8.34197422002e-77
4 220

RCQEGHPSV
[[ 151   29]
 [ 113 8309]]
1.64821879304e-218
154 197
[[4964  388]
 [2672  842]]
1.67578884635e-107
137 141
[[ 212 2137]
 [  52 6201]]
5.63995539722e-74
120 197
[[1449 7146]
 [ 185  153]]
4.6319193863e-53
89 119
[[ 513 3248]
 [1016 2662]]
7.38721563823e-51
10 226

ARNCGHKMPTWV
[[ 188    2]
 [ 141 8271]]
4.50566763723e-291
154 197
[[1992 1948]
 [1148 3784]]
1.0510802334e-157
56 85
[[1137 4927]
 [1139 1340]]
5.52661348495e-139
213 214
[[6747  636]
 [ 326  280]]
1.49375555727e-114
6 8
[[4561 2821]
 [ 589   17]]
9.94719326951e-93
6 60

AQIFSW
[[ 124  205]
 [7918   74]]
1.25269253438e-254
221 224
[[2334 5984]
 [ 305   59]]
2.62714698809e-103
159 167
[[ 834 3362]
 [1821 2808]]
9.6672114402e-90
47 57
[[ 491 3793]
 [1253 3363]]
1.36998608199e-79
75 77
[[2920 2526]
 [1052 2055]]
2.97197394298e-70
172 210

RQEHMPSTWY
[[8259   24]
 [  54  265]]
0.0
154 197
[[ 875 2073]
 [3374 2578]]
4.82646952181e-130
75 76
[[ 357 6827]
 [ 423 1324]]
1.1784889897e-114
85 86
[[ 330 7080]
 [ 195  383]]
3.49118902084e-96
6 60
[[4141 1727]
 [1408 1373]]
1.64170249795e-71
168 170

NQLPY
[[8254   22]
 [  12  314]]
0.0
154 197
[[ 322   95]
 [   7 8402]]
0.0
157 159
[[  56 8058]
 [ 218  115]]
1.01240569744e-287
197 220
[[2273  791]
 [2700 3108]]
2.84065051609e-142
56 85
[[  19  306]
 [5458 3146]]
8.04967165499e-104
89 112

ACQGHILKMFY
[[ 241  403]
 [  55 7289]]
1.60810034887e-225
6 60
[[4541  569]
 [2448 1314]]
2.66274612539e-161
56 85
[[7702  891]
 [ 154  182]]
5.29136418453e-82
89 112
[[ 534 1619]
 [ 549 5841]]
1.36281977527e-75
213 214
[[1030 1339]
 [3992 2288]]
3.01009477902e-63
168 170
[110  39   4  70   5]
ACDGILMNPSTV
[[ 316    2]
 [  13 8271]]
0.0
